# Force and moment coefficients
# dragDir           : (1.000000000000e+00 0.000000000000e+00 0.000000000000e+00)
# sideDir           : (0.000000000000e+00 1.000000000000e+00 0.000000000000e+00)
# liftDir           : (0.000000000000e+00 0.000000000000e+00 1.000000000000e+00)
# rollAxis          : (1.000000000000e+00 0.000000000000e+00 0.000000000000e+00)
# pitchAxis         : (0.000000000000e+00 1.000000000000e+00 0.000000000000e+00)
# yawAxis           : (0.000000000000e+00 0.000000000000e+00 1.000000000000e+00)
# magUInf           : 4.000000000000e+01
# lRef              : 1.044000000000e+00
# Aref              : 1.120000000000e-01
# CofR              : (0.000000000000e+00 0.000000000000e+00 0.000000000000e+00)
#
# Time              	Cd                  	Cd(f)               	Cd(r)               	Cl                  	Cl(f)               	Cl(r)               	CmPitch             	CmRoll              	CmYaw               	Cs                  	Cs(f)               	Cs(r)               
501                 	3.593956390789e-01	1.790834285507e-01	1.803122105282e-01	4.212575881788e-01	-3.922435399973e-02	4.604819421785e-01	-2.498531480891e-01	-6.143909887468e-04	-1.844752359904e-03	-1.291664497892e-02	-8.303074849363e-03	-4.613570129555e-03
502                 	3.611432135053e-01	1.800823355977e-01	1.810608779076e-01	4.417421398410e-01	-4.839374881525e-02	4.901358886562e-01	-2.692648187357e-01	-4.892711549742e-04	-7.947802685329e-04	-9.815631636601e-03	-5.702596086834e-03	-4.113035549768e-03
503                 	3.629559508378e-01	1.811553228835e-01	1.818006279543e-01	4.554492833266e-01	-5.674373593272e-02	5.121930192593e-01	-2.844683775960e-01	-3.226525353751e-04	3.513249330111e-04	-4.792538605972e-03	-2.044944369975e-03	-2.747594235997e-03
504                 	3.643936553509e-01	1.821271797594e-01	1.822664755915e-01	4.702085809536e-01	-6.301332814039e-02	5.332219090940e-01	-2.981176186172e-01	-6.964791607724e-05	1.530961895397e-03	9.378479273079e-04	1.999885859051e-03	-1.062037931743e-03
505                 	3.658139075304e-01	1.831666825534e-01	1.826472249770e-01	4.915899390603e-01	-6.704495936282e-02	5.586348984231e-01	-3.128399288930e-01	2.597287882333e-04	2.338405882772e-03	5.419157441762e-03	5.047984603653e-03	3.711728381086e-04
506                 	3.681577913041e-01	1.846565004009e-01	1.835012909032e-01	5.184307603181e-01	-6.980875587553e-02	5.882395161937e-01	-3.290241360346e-01	5.776047488374e-04	2.639732402199e-03	7.849995377514e-03	6.564730090956e-03	1.285265286558e-03
507                 	3.714711204137e-01	1.865106964903e-01	1.849604239234e-01	5.436391387948e-01	-7.232346786664e-02	6.159626066614e-01	-3.441430372640e-01	7.751362834321e-04	2.420383809675e-03	8.361663438794e-03	6.601215529072e-03	1.760447909722e-03
508                 	3.750933345789e-01	1.883395459403e-01	1.867537886386e-01	5.594965989865e-01	-7.429778376943e-02	6.337943827559e-01	-3.540460832627e-01	7.928786508569e-04	1.755207075609e-03	7.391647923529e-03	5.451031037373e-03	1.940616886156e-03
509                 	3.779941507093e-01	1.896085637507e-01	1.883855869587e-01	5.583309911320e-01	-7.451110728395e-02	6.328420984159e-01	-3.536766028499e-01	6.114883960145e-04	1.025725803760e-03	5.737137696242e-03	3.894294651880e-03	1.842843044361e-03
510                 	3.794913088167e-01	1.901109655801e-01	1.893803432366e-01	5.428576597973e-01	-7.239976428602e-02	6.152574240833e-01	-3.438285941847e-01	3.653111717898e-04	3.431357370361e-04	3.509608244067e-03	2.097939859070e-03	1.411668384997e-03
511                 	3.795754205613e-01	1.899656407043e-01	1.896097798570e-01	5.201363139094e-01	-6.731345398310e-02	5.874497678925e-01	-3.273816109378e-01	1.779304236302e-04	-2.469655020925e-04	7.816748289657e-04	1.438719123904e-04	6.378029165754e-04
512                 	3.790815732192e-01	1.896389234729e-01	1.894426497462e-01	4.941803079716e-01	-5.916884447467e-02	5.533491524462e-01	-3.062589984604e-01	9.813686335049e-05	-1.021198880366e-03	-2.674259609253e-03	-2.358328684992e-03	-3.159309242606e-04
513                 	3.779584424396e-01	1.890250252428e-01	1.889334171969e-01	4.654525906417e-01	-4.855348973290e-02	5.140060803746e-01	-2.812797850538e-01	4.580402295609e-05	-1.898146386075e-03	-6.240324530043e-03	-5.018308651097e-03	-1.222015878946e-03
514                 	3.754179730156e-01	1.876373396903e-01	1.877806333254e-01	4.339296157139e-01	-3.649834609193e-02	4.704279618058e-01	-2.534631539489e-01	-7.164681754384e-05	-2.568887020602e-03	-8.745658976861e-03	-6.941716509033e-03	-1.803942467829e-03
515                 	3.707662270388e-01	1.851339879604e-01	1.856322390784e-01	3.980611323229e-01	-2.449910948349e-02	4.225602418064e-01	-2.235296756450e-01	-2.491255589898e-04	-2.847848885983e-03	-9.672946741048e-03	-7.684322256508e-03	-1.988624484541e-03
516                 	3.643185894660e-01	1.817933452513e-01	1.825252442147e-01	3.615697539757e-01	-1.455940654491e-02	3.761291605206e-01	-1.953442835327e-01	-3.659494817410e-04	-2.633814878924e-03	-8.959873195742e-03	-7.113751476795e-03	-1.846121718946e-03
517                 	3.586694731055e-01	1.790374324662e-01	1.796320406394e-01	3.303259586048e-01	-7.316284125069e-03	3.376422427299e-01	-1.724792634275e-01	-2.973040866142e-04	-1.882289627145e-03	-6.676126356828e-03	-5.220352805559e-03	-1.455773551269e-03
518                 	3.563339014894e-01	1.781008123435e-01	1.782330891459e-01	3.061978504932e-01	-2.891875894898e-03	3.090897263881e-01	-1.559908011415e-01	-6.613840117169e-05	-6.047744005183e-04	-3.200873870925e-03	-2.205211335981e-03	-9.956625349442e-04
519                 	3.572002448767e-01	1.787727650132e-01	1.784274798634e-01	2.912634465436e-01	-1.335578621741e-03	2.925990251654e-01	-1.469673018936e-01	1.726425748921e-04	1.072436119806e-03	1.283760452268e-03	1.714316345940e-03	-4.305558936720e-04
520                 	3.594641986014e-01	1.800135227065e-01	1.794506758950e-01	2.893555394216e-01	-2.423949676671e-03	2.917794890983e-01	-1.471017193875e-01	2.814234057618e-04	2.606659067738e-03	5.772804504348e-03	5.493061319912e-03	2.797431844365e-04
521                 	3.611488007708e-01	1.808203986374e-01	1.803284021333e-01	3.010635963121e-01	-5.610652359358e-03	3.066742486715e-01	-1.561424505154e-01	2.459982520494e-04	3.482922503448e-03	9.130597088821e-03	8.048221047858e-03	1.082376040963e-03
522                 	3.616656562809e-01	1.809866266056e-01	1.806790296753e-01	3.238602088222e-01	-9.972653007690e-03	3.338328618299e-01	-1.719027574188e-01	1.537984651174e-04	3.291278596679e-03	9.969068980210e-03	8.275813086784e-03	1.693255893426e-03
523                 	3.613156889484e-01	1.807804311650e-01	1.805352577833e-01	3.512143977231e-01	-1.597088820108e-02	3.671852859241e-01	-1.915780870626e-01	1.225866908517e-04	2.286291991705e-03	8.358297442465e-03	6.465440712938e-03	1.892856729528e-03
524                 	3.607799951577e-01	1.806425903313e-01	1.801374048265e-01	3.795608894983e-01	-2.287504842802e-02	4.024359379263e-01	-2.126554931772e-01	2.525927524043e-04	7.336997761821e-04	4.723273623330e-03	3.095336587847e-03	1.627937035483e-03
525                 	3.605522101649e-01	1.806707923623e-01	1.798814178025e-01	4.063424729052e-01	-3.050304587886e-02	4.368455187841e-01	-2.336742823315e-01	3.946872798886e-04	-9.753003313658e-04	2.233825593295e-05	-9.641312033993e-04	9.864694593322e-04
526                 	3.608220291177e-01	1.807212266041e-01	1.801008025136e-01	4.346302477540e-01	-3.781095954369e-02	4.724412072977e-01	-2.551260834207e-01	3.102120452247e-04	-2.764658362436e-03	-5.240886858568e-03	-5.385101791721e-03	1.442149331524e-04
527                 	3.610273614561e-01	1.805284415404e-01	1.804989199158e-01	4.625951531340e-01	-4.467442723442e-02	5.072695803684e-01	-2.759720038014e-01	1.476081229665e-05	-4.012343504377e-03	-9.491265892889e-03	-8.757976450821e-03	-7.332894420679e-04
528                 	3.614787870022e-01	1.803972006347e-01	1.810815863674e-01	4.874910285587e-01	-5.097208305181e-02	5.384631116105e-01	-2.947175973312e-01	-3.421928663646e-04	-4.234595689827e-03	-1.135744714852e-02	-9.913319264088e-03	-1.444127884434e-03
529                 	3.630652659480e-01	1.810032154976e-01	1.820620504503e-01	5.088628104588e-01	-5.769922395927e-02	5.665620344181e-01	-3.121306291887e-01	-5.294174763562e-04	-3.034700725151e-03	-9.551636939264e-03	-7.810519194783e-03	-1.741117744481e-03
530                 	3.661939828079e-01	1.826739685166e-01	1.835200142913e-01	5.189683808045e-01	-6.499857727540e-02	5.839669580799e-01	-3.244827676776e-01	-4.230228873490e-04	-7.760300547092e-04	-4.231467746280e-03	-2.891763927849e-03	-1.339703818431e-03
531                 	3.706622499561e-01	1.852684631757e-01	1.853937867803e-01	5.207505477898e-01	-7.195137306033e-02	5.927019208501e-01	-3.323266469552e-01	-6.266180227969e-05	1.844352789421e-03	3.226803601719e-03	3.457754590281e-03	-2.309509885613e-04
532                 	3.752644789522e-01	1.879024367933e-01	1.873620421590e-01	5.201185401748e-01	-7.715034964365e-02	5.972688898184e-01	-3.372096197310e-01	2.701973171534e-04	4.038966996524e-03	1.037938776005e-02	9.228660876549e-03	1.150726883501e-03
533                 	3.788192386720e-01	1.898254832856e-01	1.889937553864e-01	5.220770461331e-01	-7.893440751675e-02	6.010114536499e-01	-3.399729305833e-01	4.158639496206e-04	4.945426967457e-03	1.448854921439e-02	1.218970157465e-02	2.298847639740e-03
534                 	3.810174190291e-01	1.909084287944e-01	1.901089902347e-01	5.276862312589e-01	-7.685231620357e-02	6.045385474625e-01	-3.406954318330e-01	3.997192798465e-04	4.942878833194e-03	1.565137245931e-02	1.276856506285e-02	2.882807396461e-03
535                 	3.819355895695e-01	1.912414447044e-01	1.906941448652e-01	5.302499851962e-01	-7.214048430855e-02	6.023904695047e-01	-3.372654769066e-01	2.736499195993e-04	4.294297350278e-03	1.445381681248e-02	1.152120575652e-02	2.932611055963e-03
536                 	3.816402166714e-01	1.910015117131e-01	1.906387049583e-01	5.213134651674e-01	-6.508294661866e-02	5.863964117860e-01	-3.257396792023e-01	1.814033773805e-04	2.987361387326e-03	1.133230595845e-02	8.653514366551e-03	2.678791591899e-03
537                 	3.806550946544e-01	1.904543336152e-01	1.902007610392e-01	4.981095161019e-01	-5.539475463149e-02	5.535042707334e-01	-3.044495126824e-01	1.267862880299e-04	9.496855117299e-04	6.535148784169e-03	4.217259903814e-03	2.317888880355e-03
538                 	3.788812286998e-01	1.894785337807e-01	1.894026949191e-01	4.633441272542e-01	-4.386195645375e-02	5.072060837079e-01	-2.755340200808e-01	3.791943080834e-05	-1.593413303383e-03	5.965936735813e-04	-1.295116466593e-03	1.891710140174e-03
539                 	3.756558006240e-01	1.877218994709e-01	1.879339011531e-01	4.256724769422e-01	-3.186855784826e-02	4.575410347905e-01	-2.447047963194e-01	-1.060008411116e-04	-4.130502434974e-03	-5.749590070247e-03	-7.005297470097e-03	1.255707399850e-03
540                 	3.704222402635e-01	1.849738634420e-01	1.854483768215e-01	3.908558921382e-01	-2.075657452296e-02	4.116124666611e-01	-2.161845205920e-01	-2.372566897662e-04	-5.763216426614e-03	-1.077689206064e-02	-1.115166245693e-02	3.747703962965e-04
541                 	3.639740085547e-01	1.816710016860e-01	1.823030068687e-01	3.612176266938e-01	-1.131502087476e-02	3.725326475686e-01	-1.919238342217e-01	-3.160025913406e-04	-6.026288757154e-03	-1.317983758907e-02	-1.261620755169e-02	-5.636300373808e-04
542                 	3.586695942961e-01	1.790300176091e-01	1.796395766870e-01	3.353017480982e-01	-4.876783178899e-03	3.401785312771e-01	-1.725276572280e-01	-3.047795389223e-04	-5.094361599817e-03	-1.252305278481e-02	-1.135588799222e-02	-1.167164792591e-03
543                 	3.564211193694e-01	1.779494164670e-01	1.784717029025e-01	3.098932654401e-01	-2.445367670618e-03	3.123386331107e-01	-1.573920003906e-01	-2.611432177507e-04	-3.715920330824e-03	-9.481006194529e-03	-8.456423428089e-03	-1.024582766440e-03
544                 	3.571654499217e-01	1.784111482513e-01	1.787543016704e-01	2.871580901071e-01	-4.008781317943e-03	2.911668714250e-01	-1.475878263715e-01	-1.715767095255e-04	-2.321518887991e-03	-4.677034882984e-03	-4.660036329483e-03	-1.699855350115e-05
545                 	3.595677052498e-01	1.797897454009e-01	1.797779598489e-01	2.812556104091e-01	-8.196492693032e-03	2.894521031021e-01	-1.488242978976e-01	5.892776014737e-06	-1.093290381931e-03	5.774678548161e-04	-8.045564545229e-04	1.382024309339e-03
546                 	3.612571634735e-01	1.808453666736e-01	1.804117967999e-01	2.911520861872e-01	-1.335657744865e-02	3.045086636358e-01	-1.589326205422e-01	2.167849368554e-04	1.833919139691e-04	5.630225591600e-03	2.998504709769e-03	2.631720881831e-03
547                 	3.616230360601e-01	1.811870238619e-01	1.804360121982e-01	3.153395389838e-01	-1.801911785265e-02	3.333586568364e-01	-1.756888873445e-01	3.755058318663e-04	1.435373702711e-03	9.715829937200e-03	6.293288671312e-03	3.422541265889e-03
548                 	3.614101279229e-01	1.811959560524e-01	1.802141718705e-01	3.476328093933e-01	-2.249918193351e-02	3.701319913269e-01	-1.963155866302e-01	4.908920909820e-04	2.711742517386e-03	1.287792278817e-02	9.150703911471e-03	3.727218876699e-03
549                 	3.613809059234e-01	1.812719125195e-01	1.801089934039e-01	3.801821621795e-01	-2.704975137850e-02	4.072319135580e-01	-2.171408324682e-01	5.814595577992e-04	3.567729392382e-03	1.444853890607e-02	1.079199884542e-02	3.656540060655e-03
550                 	3.614541117036e-01	1.813199653050e-01	1.801341463985e-01	4.074620634961e-01	-3.227084363449e-02	4.397329071306e-01	-2.360018753826e-01	5.929094532593e-04	3.243685486095e-03	1.310935255764e-02	9.798361764914e-03	3.310990792724e-03
551                 	3.613313204347e-01	1.810990603461e-01	1.802322600886e-01	4.304626029946e-01	-3.834985069145e-02	4.688124536860e-01	-2.535811521887e-01	4.334001287272e-04	1.737723551318e-03	8.738505291180e-03	6.106976196908e-03	2.631529094272e-03
552                 	3.603244135388e-01	1.803028396796e-01	1.800215738592e-01	4.520664205317e-01	-4.554445253209e-02	4.976108730638e-01	-2.715776627979e-01	1.406329102259e-04	-3.363842162393e-04	2.532977477547e-03	9.301045225344e-04	1.602872955013e-03
553                 	3.589607659555e-01	1.792595417731e-01	1.797012241824e-01	4.733586899461e-01	-5.328362639410e-02	5.266423163402e-01	-2.899629713672e-01	-2.208412046485e-04	-2.031221879810e-03	-3.552946092080e-03	-3.807694925850e-03	2.547488337701e-04
554                 	3.586995999970e-01	1.788078413196e-01	1.798917586774e-01	4.957508768963e-01	-6.044728043905e-02	5.561981573354e-01	-3.083227188872e-01	-5.419586789304e-04	-2.448937300071e-03	-6.942089011939e-03	-5.919981806041e-03	-1.022107205898e-03
555                 	3.609191718788e-01	1.797062133038e-01	1.812129585750e-01	5.172216409225e-01	-6.668995564982e-02	5.839115965723e-01	-3.253007761110e-01	-7.533726355611e-04	-1.960737642399e-03	-7.362913029981e-03	-5.642194157389e-03	-1.720718872591e-03
556                 	3.657371096641e-01	1.820732095827e-01	1.836639000814e-01	5.346833324444e-01	-7.198647558216e-02	6.066698080266e-01	-3.393281418044e-01	-7.953452493477e-04	-1.531662874206e-03	-6.361823275377e-03	-4.712574511894e-03	-1.649248763482e-03
557                 	3.719362459864e-01	1.853286370128e-01	1.866076089737e-01	5.429409918000e-01	-7.544660927289e-02	6.183876010729e-01	-3.469171051729e-01	-6.394859804357e-04	-1.583004396898e-03	-5.317256317451e-03	-4.241632555623e-03	-1.075623761828e-03
558                 	3.776095356668e-01	1.884271487578e-01	1.891823869089e-01	5.439702007274e-01	-7.644704999418e-02	6.204172507216e-01	-3.484321503579e-01	-3.776190755624e-04	-1.881318267387e-03	-4.603049373571e-03	-4.182842954173e-03	-4.202064193983e-04
559                 	3.809168252210e-01	1.903487380350e-01	1.905680871860e-01	5.394626779232e-01	-7.481834801167e-02	6.142810259349e-01	-3.445496869733e-01	-1.096745754957e-04	-1.934760371570e-03	-3.847116688678e-03	-3.858318715909e-03	1.120202723149e-05
560                 	3.813446289699e-01	1.907751349051e-01	1.905694940648e-01	5.288794579209e-01	-7.072781153483e-02	5.996072694557e-01	-3.351675404953e-01	1.028204201365e-04	-1.505642790942e-03	-2.462403024159e-03	-2.736844303021e-03	2.744412788627e-04
561                 	3.796015596603e-01	1.899848417329e-01	1.896167179273e-01	5.113678296637e-01	-6.360088777698e-02	5.749687174407e-01	-3.192848026088e-01	1.840619027937e-04	-6.109933330312e-04	1.586433662076e-06	-6.102001162002e-04	6.117865498623e-04
562                 	3.772099791646e-01	1.887319346762e-01	1.884780444883e-01	4.841150263550e-01	-5.393350498975e-02	5.380485313448e-01	-2.959910181673e-01	1.269450939624e-04	3.481712234561e-04	3.125350056299e-03	1.910846251606e-03	1.214503804694e-03
563                 	3.744388631468e-01	1.872551905530e-01	1.871836725938e-01	4.496420303768e-01	-4.243877328302e-02	4.920808036598e-01	-2.672597884714e-01	3.575897959277e-05	9.851020328009e-04	5.797345984396e-03	3.883775024999e-03	1.913570959397e-03
564                 	3.706649389321e-01	1.853114209402e-01	1.853535179919e-01	4.113743320282e-01	-2.987286931968e-02	4.412472013479e-01	-2.355600353338e-01	-2.104852583566e-05	1.163337369884e-03	6.934627675080e-03	4.630651207424e-03	2.303976467656e-03
565                 	3.652071444700e-01	1.825901721833e-01	1.826169722867e-01	3.747863706085e-01	-1.787363300160e-02	3.926600036101e-01	-2.052668183059e-01	-1.340005169876e-05	9.742717819399e-04	6.328112043105e-03	4.138327803492e-03	2.189784239612e-03
566                 	3.591196009051e-01	1.795925726820e-01	1.795270282231e-01	3.454138817797e-01	-8.071854109312e-03	3.534857358890e-01	-1.807787949992e-01	3.277222942421e-05	8.240175928523e-04	4.621547352674e-03	3.134791269190e-03	1.486756083485e-03
567                 	3.548932734172e-01	1.774506081903e-01	1.774426652269e-01	3.249525090151e-01	-1.514585149447e-03	3.264670941645e-01	-1.639908396570e-01	3.971481670241e-06	8.479124964611e-04	2.489194455092e-03	2.092509724007e-03	3.966847310851e-04
568                 	3.542834347333e-01	1.769644881718e-01	1.773189465615e-01	3.121163963422e-01	1.647608106506e-03	3.104687882357e-01	-1.544105900646e-01	-1.772291948512e-04	7.812103009578e-04	1.059904616684e-04	8.342055317920e-04	-7.282150701236e-04
569                 	3.565314291137e-01	1.778112074316e-01	1.787202216821e-01	3.069868652638e-01	1.180941738175e-03	3.058059235256e-01	-1.523124908937e-01	-4.545071252527e-04	3.949178428219e-04	-2.397039421753e-03	-8.036018680544e-04	-1.593437553698e-03
570                 	3.596590321967e-01	1.792323179383e-01	1.804267142585e-01	3.098410336686e-01	-2.037531195781e-03	3.118785648643e-01	-1.569580480301e-01	-5.971981601059e-04	-1.923813756095e-04	-4.614108376706e-03	-2.499435563963e-03	-2.114672812744e-03
571                 	3.616482519381e-01	1.803630521773e-01	1.812851997608e-01	3.209122429731e-01	-7.026933616061e-03	3.279391765891e-01	-1.674830551026e-01	-4.610737917194e-04	-2.190640711354e-04	-5.170829303041e-03	-2.804478722656e-03	-2.366350580385e-03
572                 	3.618713804518e-01	1.807592659835e-01	1.811121144683e-01	3.393561699111e-01	-1.433082556513e-02	3.536869954762e-01	-1.840089105207e-01	-1.764242423683e-04	1.049403428686e-04	-4.222234810158e-03	-2.006177062211e-03	-2.216057747948e-03
573                 	3.610315842975e-01	1.805505358914e-01	1.804810484062e-01	3.645013421907e-01	-2.300815118479e-02	3.875094933755e-01	-2.052588222801e-01	3.474374259281e-05	6.907466565941e-04	-1.930232225623e-03	-2.743694562173e-04	-1.655862769405e-03
574                 	3.602038880245e-01	1.801246225795e-01	1.800792654450e-01	3.912798166777e-01	-3.219474529834e-02	4.234745619761e-01	-2.278346536372e-01	2.267856726856e-05	1.361034295637e-03	1.147490115411e-03	1.934779353343e-03	-7.872892379311e-04
575                 	3.600667992667e-01	1.799788110748e-01	1.800879881919e-01	4.211642508263e-01	-4.012631214084e-02	4.612905629672e-01	-2.507084375540e-01	-5.458855857359e-05	2.208007606856e-03	4.831589356281e-03	4.623802284997e-03	2.077870712847e-04
576                 	3.605788625661e-01	1.802304497229e-01	1.803484128432e-01	4.552473946894e-01	-4.627044955322e-02	5.015178442427e-01	-2.738941468979e-01	-5.898156014478e-05	2.893914553166e-03	8.100942274759e-03	6.944385690545e-03	1.156556584214e-03
577                 	3.612027136538e-01	1.806614654738e-01	1.805412481799e-01	4.881403410802e-01	-5.153337967272e-02	5.396737207529e-01	-2.956035502128e-01	6.010864695640e-05	2.982579314336e-03	9.391808615640e-03	7.678483622155e-03	1.713324993484e-03
578                 	3.619580733659e-01	1.811692986220e-01	1.807887747439e-01	5.168743442602e-01	-5.640137882468e-02	5.732757230849e-01	-3.148385509548e-01	1.902619390625e-04	2.127831709672e-03	7.500109153992e-03	5.877886286668e-03	1.622222867324e-03
579                 	3.635947772433e-01	1.820638504951e-01	1.815309267482e-01	5.326820383338e-01	-6.172037940688e-02	5.944024177406e-01	-3.280613985738e-01	2.664618734871e-04	7.119931271140e-04	3.264969952179e-03	2.344478103204e-03	9.204918489755e-04
580                 	3.668051997226e-01	1.835026424146e-01	1.833025573080e-01	5.381205223243e-01	-6.689174314360e-02	6.050122654679e-01	-3.359520043058e-01	1.000425533450e-04	-9.392178374253e-04	-2.636565524892e-03	-2.257500599871e-03	-3.790649250206e-04
581                 	3.713223945827e-01	1.854364715431e-01	1.858859230396e-01	5.362103747139e-01	-7.078780601440e-02	6.069981807283e-01	-3.388929933714e-01	-2.247257482731e-04	-2.370425139630e-03	-8.308720289632e-03	-6.524785284446e-03	-1.783935005186e-03
582                 	3.757149713910e-01	1.873793051020e-01	1.883356662891e-01	5.331446738387e-01	-7.276398470170e-02	6.059086585404e-01	-3.393363216211e-01	-4.781805935481e-04	-3.137699826587e-03	-1.214516162588e-02	-9.210280639528e-03	-2.934880986354e-03
583                 	3.788703660571e-01	1.889250319637e-01	1.899453340934e-01	5.324115482869e-01	-7.222241834417e-02	6.046339666310e-01	-3.384281924876e-01	-5.101510648639e-04	-2.914362269990e-03	-1.311879518526e-02	-9.473759862618e-03	-3.645035322638e-03
584                 	3.802540617112e-01	1.898258440081e-01	1.904282177030e-01	5.293425685290e-01	-6.981217169515e-02	5.991547402241e-01	-3.344834559596e-01	-3.011868474411e-04	-1.906732100446e-03	-1.133494518961e-02	-7.574204695249e-03	-3.760740494357e-03
585                 	3.802696186746e-01	1.900855738799e-01	1.901840447948e-01	5.163248089216e-01	-6.587590478029e-02	5.822007137019e-01	-3.240383092411e-01	-4.923545744590e-05	-4.892494328251e-04	-7.782483387005e-03	-4.380491126327e-03	-3.401992260677e-03
586                 	3.798515277175e-01	1.900506687729e-01	1.898008589446e-01	4.892614860891e-01	-6.004230632629e-02	5.493037924153e-01	-3.046730493708e-01	1.249049141795e-04	8.528691125311e-04	-3.682267548963e-03	-9.882646619504e-04	-2.694002887013e-03
587                 	3.791328762245e-01	1.897684023670e-01	1.893644738575e-01	4.526474257652e-01	-5.167333691838e-02	5.043207626836e-01	-2.779970498010e-01	2.019642547093e-04	1.921082749603e-03	8.223699856210e-04	2.332267742414e-03	-1.509897756793e-03
588                 	3.771957099029e-01	1.888084694139e-01	1.883872404891e-01	4.166495165969e-01	-4.051048400486e-02	4.571600006018e-01	-2.488352423033e-01	2.106144623860e-04	2.561341152134e-03	4.904428350193e-03	5.013555327231e-03	-1.091269770371e-04
589                 	3.727855443696e-01	1.865987513809e-01	1.861867929886e-01	3.853128700311e-01	-2.797224615257e-02	4.132851161837e-01	-2.206286811681e-01	2.059791961520e-04	3.050586506739e-03	8.219842143505e-03	7.160507578491e-03	1.059334565014e-03
590                 	3.657931737541e-01	1.831355506250e-01	1.826576231291e-01	3.589730248038e-01	-1.655225539902e-02	3.755252802029e-01	-1.960387678009e-01	2.389637479772e-04	3.565337700667e-03	1.027989646408e-02	8.705285932708e-03	1.574610531374e-03
591                 	3.588325798426e-01	1.796969704859e-01	1.791356093568e-01	3.359959166253e-01	-8.289685412742e-03	3.442856020381e-01	-1.762876437254e-01	2.806805645411e-04	3.885154873182e-03	1.065522233991e-02	9.212766043138e-03	1.442456296773e-03
592                 	3.547602453724e-01	1.776360092941e-01	1.771242360782e-01	3.163370476133e-01	-3.812389641030e-03	3.201494372543e-01	-1.619809134477e-01	2.558866079508e-04	3.556315358516e-03	9.031279141813e-03	8.071954929422e-03	9.593242123902e-04
593                 	3.542925941677e-01	1.772486298122e-01	1.770439643555e-01	3.055777786803e-01	-1.961211422378e-03	3.075389901027e-01	-1.547501007626e-01	1.023327283672e-04	2.284740480818e-03	5.075417324663e-03	4.822449143150e-03	2.529681815135e-04
594                 	3.560822836781e-01	1.778738777486e-01	1.782084059296e-01	3.068754229974e-01	-2.540541266790e-03	3.094159642642e-01	-1.559782527655e-01	-1.672640904994e-04	4.421193268095e-04	-4.304496330080e-04	2.268945103055e-04	-6.573441433135e-04
595                 	3.579004240633e-01	1.784856151731e-01	1.794148088902e-01	3.188123813590e-01	-5.022777566506e-03	3.238351589255e-01	-1.644289682460e-01	-4.645968585532e-04	-1.298558348082e-03	-6.073811508369e-03	-4.335464102267e-03	-1.738347406103e-03
596                 	3.583782521334e-01	1.784834649797e-01	1.798947871537e-01	3.372233334517e-01	-9.803824966639e-03	3.470271584184e-01	-1.784154916925e-01	-7.056610870170e-04	-2.303768878855e-03	-1.034090398707e-02	-7.474220872390e-03	-2.866683114681e-03
597                 	3.578685275616e-01	1.782005625517e-01	1.796679650100e-01	3.571692015842e-01	-1.750319020611e-02	3.746723917903e-01	-1.960877909982e-01	-7.337012291393e-04	-2.211998742154e-03	-1.170597384810e-02	-8.064985666203e-03	-3.640988181895e-03
598                 	3.573970802415e-01	1.781445656231e-01	1.792525146184e-01	3.765564746600e-01	-2.750647615442e-02	4.040629508145e-01	-2.157847134844e-01	-5.539744976536e-04	-1.422587660968e-03	-1.022724322767e-02	-6.536209274806e-03	-3.691033952869e-03
599                 	3.581242528429e-01	1.788036378828e-01	1.793206149601e-01	3.942404845741e-01	-3.794849325095e-02	4.321889778250e-01	-2.350687355380e-01	-2.584885386719e-04	-3.964652115812e-04	-5.999288270276e-03	-3.396109346719e-03	-2.603178923557e-03
600                 	3.601014009543e-01	1.800690503968e-01	1.800323505575e-01	4.118863405758e-01	-4.658376015031e-02	4.584701007261e-01	-2.525269304382e-01	1.834991968298e-05	3.605831117403e-04	-1.042001418723e-03	-1.604175976211e-04	-8.815838211017e-04
601                 	3.616741719547e-01	1.810840880601e-01	1.805900838945e-01	4.343871793522e-01	-5.305707113255e-02	4.874442504848e-01	-2.702506608087e-01	2.470020827961e-04	9.839444240930e-04	3.764141132281e-03	2.866014990233e-03	8.981261420474e-04
602                 	3.622823221331e-01	1.815473711148e-01	1.807349510183e-01	4.639014296163e-01	-5.785273608931e-02	5.217541657056e-01	-2.898034508974e-01	4.062100482596e-04	1.697666631236e-03	7.838401604560e-03	5.616867433515e-03	2.221534171044e-03
603                 	3.627105633898e-01	1.818895727956e-01	1.808209905941e-01	4.980425549832e-01	-6.171272345979e-02	5.597552784430e-01	-3.107340009514e-01	5.342911007616e-04	2.544707243171e-03	1.090693138984e-02	7.998172938092e-03	2.908758451749e-03
604                 	3.645851072260e-01	1.829505746256e-01	1.816345326005e-01	5.259685824506e-01	-6.508883099306e-02	5.910574134436e-01	-3.280731222183e-01	6.580210125392e-04	3.050273007660e-03	1.213857031372e-02	9.119558164520e-03	3.019012149201e-03
605                 	3.690232481821e-01	1.852217188248e-01	1.838015293573e-01	5.421216581564e-01	-6.818568115577e-02	6.103073393122e-01	-3.392465102340e-01	7.100947337179e-04	2.705060266353e-03	1.080049632085e-02	8.105308426780e-03	2.695187894074e-03
606                 	3.748266441169e-01	1.879834531121e-01	1.868431910048e-01	5.462147373353e-01	-7.091413304869e-02	6.171288703839e-01	-3.440215017163e-01	5.701310536616e-04	1.382031732114e-03	6.786348280984e-03	4.775205872606e-03	2.011142408379e-03
607                 	3.797255561747e-01	1.901100382728e-01	1.896155179019e-01	5.399963100844e-01	-7.295437542596e-02	6.129506855104e-01	-3.429525304682e-01	2.472601854320e-04	-5.809874066318e-04	8.884674877170e-04	-1.367536627733e-04	1.025221150490e-03
608                 	3.816237196094e-01	1.906979715213e-01	1.909257480881e-01	5.291345002023e-01	-7.366049970159e-02	6.027949999039e-01	-3.382277498027e-01	-1.138882834471e-04	-2.701932170530e-03	-5.908881866414e-03	-5.656373103737e-03	-2.525087626765e-04
609                 	3.807470309433e-01	1.900236383360e-01	1.907233926073e-01	5.178097364986e-01	-7.198640455695e-02	5.897961410555e-01	-3.308912728062e-01	-3.498771356473e-04	-4.185900898924e-03	-1.157145968299e-02	-9.971630740421e-03	-1.599828942572e-03
610                 	3.786896951494e-01	1.889092057756e-01	1.897804893738e-01	5.032828940658e-01	-6.752662873068e-02	5.708095227965e-01	-3.191680757636e-01	-4.356417991060e-04	-4.699610988915e-03	-1.451383324193e-02	-1.195652760988e-02	-2.557305632052e-03
611                 	3.776169841325e-01	1.884230828541e-01	1.891939012784e-01	4.822642066278e-01	-5.982543219075e-02	5.420896388185e-01	-3.009575355047e-01	-3.854092121354e-04	-4.485770674805e-03	-1.462954016300e-02	-1.180054075631e-02	-2.828999406697e-03
612                 	3.774988286067e-01	1.884242504662e-01	1.890745781405e-01	4.512235247488e-01	-4.980472176551e-02	5.010282465143e-01	-2.754164841399e-01	-3.251638371532e-04	-4.069699234626e-03	-1.265750305376e-02	-1.039845076151e-02	-2.259052292254e-03
613                 	3.768716812100e-01	1.882106865156e-01	1.886609946944e-01	4.131495850606e-01	-3.806666334008e-02	4.512162484007e-01	-2.446414558704e-01	-2.251540893937e-04	-3.552806232842e-03	-9.651672108930e-03	-8.378642287307e-03	-1.273029821623e-03
614                 	3.735768865225e-01	1.867481804640e-01	1.868287060586e-01	3.743762219815e-01	-2.646375117036e-02	4.008399731519e-01	-2.136518621611e-01	-4.026279729899e-05	-2.659002904232e-03	-5.918523829976e-03	-5.618264819220e-03	-3.002590107558e-04
615                 	3.676217976377e-01	1.839712217873e-01	1.836505758504e-01	3.409286446745e-01	-1.652256728563e-02	3.574512119601e-01	-1.869868896229e-01	1.603229684389e-04	-1.133639368379e-03	-1.286082892045e-03	-1.776680814401e-03	4.905979223563e-04
616                 	3.615001720653e-01	1.810067273625e-01	1.804934447028e-01	3.165954429475e-01	-9.028137686214e-03	3.256235806337e-01	-1.673258591600e-01	2.566413298305e-04	6.958642577642e-04	3.567745407547e-03	2.479736961538e-03	1.088008446009e-03
617                 	3.579146028804e-01	1.792149041066e-01	1.786996987739e-01	3.015804659771e-01	-4.629779614745e-03	3.062102455918e-01	-1.554200126033e-01	2.576026663666e-04	2.407901700295e-03	7.734458047313e-03	6.275130723952e-03	1.459327323361e-03
618                 	3.572951130302e-01	1.788562424259e-01	1.784388706043e-01	2.941498575247e-01	-3.135677410981e-03	2.972855349357e-01	-1.502106061734e-01	2.086859108346e-04	3.339234496270e-03	9.913616552761e-03	8.296042772650e-03	1.617573780111e-03
619                 	3.586521947256e-01	1.794656896417e-01	1.791865050839e-01	2.950763192486e-01	-4.181954293826e-03	2.992582735424e-01	-1.517201139181e-01	1.395922789149e-04	3.251910700186e-03	9.614903757054e-03	8.059362578713e-03	1.555541178341e-03
620                 	3.600788029428e-01	1.800881041854e-01	1.799906987574e-01	3.074841920874e-01	-6.919532628566e-03	3.144037247160e-01	-1.606616286723e-01	4.870271399744e-05	2.408843229839e-03	7.195843110011e-03	6.006764784845e-03	1.189078325166e-03
621                 	3.603994472311e-01	1.801190009313e-01	1.802804462998e-01	3.313727019786e-01	-1.144210004338e-02	3.428148020220e-01	-1.771284510327e-01	-8.072268422717e-05	1.366562734544e-03	3.866670608203e-03	3.299898038645e-03	5.667725695577e-04
622                 	3.600495112914e-01	1.797469444377e-01	1.803025668536e-01	3.630827745503e-01	-1.793582981458e-02	3.810186043649e-01	-1.994772170897e-01	-2.778112079632e-04	5.141721762116e-04	7.018301011131e-04	8.650872267682e-04	-1.632571256550e-04
623                 	3.597055193016e-01	1.792929239647e-01	1.804125953369e-01	3.960146364439e-01	-2.588000551717e-02	4.218946419610e-01	-2.238873237391e-01	-5.598356861169e-04	-1.640177974088e-05	-1.888248874765e-03	-9.605262171236e-04	-9.277226576419e-04
624                 	3.600649869414e-01	1.792540197316e-01	1.808109672098e-01	4.249136283515e-01	-3.420774789962e-02	4.591213762512e-01	-2.466645620754e-01	-7.784737391178e-04	-2.222262792520e-04	-3.738814731576e-03	-2.091633645040e-03	-1.647181086536e-03
625                 	3.612115653993e-01	1.798108282122e-01	1.814007371872e-01	4.493173750509e-01	-4.239833332641e-02	4.917157083773e-01	-2.670570208518e-01	-7.949544875050e-04	-3.010807112253e-04	-5.031688722862e-03	-2.816925072656e-03	-2.214763650206e-03
626                 	3.623298452963e-01	1.805558809858e-01	1.817739643105e-01	4.695946978507e-01	-5.036609774673e-02	5.199607955974e-01	-2.851634466721e-01	-6.090416623365e-04	-2.149060695229e-04	-5.259995013659e-03	-2.844903576352e-03	-2.415091437307e-03
627                 	3.634054138431e-01	1.813908084646e-01	1.820146053785e-01	4.873905098554e-01	-5.775520466525e-02	5.451457145206e-01	-3.014504595929e-01	-3.118984569608e-04	2.393193338233e-04	-3.743681655554e-03	-1.632521493954e-03	-2.111160161600e-03
628                 	3.653118783434e-01	1.826033906950e-01	1.827084876485e-01	5.029172000394e-01	-6.393416409194e-02	5.668513641313e-01	-3.153927641116e-01	-5.254847676084e-05	8.224762884319e-04	-1.191453378854e-03	2.267495990048e-04	-1.418202977859e-03
629                 	3.687419452157e-01	1.844645826386e-01	1.842773625771e-01	5.172554307492e-01	-6.824412235938e-02	5.854995531086e-01	-3.268718377340e-01	9.361003071239e-05	1.196042636935e-03	1.389220763462e-03	1.890653018666e-03	-5.014322552040e-04
630                 	3.733349163889e-01	1.868272825022e-01	1.865076338866e-01	5.326973496700e-01	-7.044966927403e-02	6.031470189440e-01	-3.367983441090e-01	1.598243077985e-04	1.311895028713e-03	3.470835741799e-03	3.047312899612e-03	4.235228421867e-04
631                 	3.777626798365e-01	1.890445442174e-01	1.887181356191e-01	5.461982239375e-01	-7.100370994151e-02	6.172019338790e-01	-3.441028219103e-01	1.632042991327e-04	1.429941475525e-03	5.060912895300e-03	3.960397923175e-03	1.100514972126e-03
632                 	3.809009282471e-01	1.905675696018e-01	1.903333586453e-01	5.537209240644e-01	-6.995607344877e-02	6.236769975132e-01	-3.468165354810e-01	1.171054782484e-04	1.470209435201e-03	5.786143735151e-03	4.363281302776e-03	1.422862432375e-03
633                 	3.821024742666e-01	1.911510442096e-01	1.909514300571e-01	5.534535893301e-01	-6.710836457455e-02	6.205619539046e-01	-3.438351592396e-01	9.980707623585e-05	1.224827752550e-03	5.323653239532e-03	3.886654372316e-03	1.436998867217e-03
634                 	3.814147134505e-01	1.907946665371e-01	1.906200469134e-01	5.414736280669e-01	-6.273478099766e-02	6.042084090646e-01	-3.334715950311e-01	8.730981187535e-05	5.642707733424e-04	3.656233498189e-03	2.392387522437e-03	1.263845975752e-03
635                 	3.797916192840e-01	1.898642737570e-01	1.899273455269e-01	5.195758001432e-01	-5.601207517487e-02	5.755878753181e-01	-3.157999752465e-01	-3.153588495096e-05	-7.135329058163e-04	4.412413994101e-04	-4.929122061113e-04	9.341536055213e-04
636                 	3.783076934666e-01	1.889134714542e-01	1.893942220124e-01	4.894706146078e-01	-4.686936041703e-02	5.363399750248e-01	-2.916046677209e-01	-2.403752791228e-04	-2.347203560319e-03	-3.767436751363e-03	-4.230921936001e-03	4.634851846376e-04
637                 	3.765088128363e-01	1.878198069177e-01	1.886890059186e-01	4.520755286701e-01	-3.652139737979e-02	4.885969260499e-01	-2.625591617148e-01	-4.345995004576e-04	-3.710638040713e-03	-7.813793733627e-03	-7.617534907527e-03	-1.962588261003e-04
638                 	3.735829146055e-01	1.862656436068e-01	1.873172709987e-01	4.105649611740e-01	-2.659709609702e-02	4.371620572710e-01	-2.318795766840e-01	-5.258136959185e-04	-4.124226743104e-03	-1.023086349844e-02	-9.239658492324e-03	-9.912050061169e-04
639                 	3.688826775859e-01	1.839542550121e-01	1.849284225739e-01	3.682122699790e-01	-1.825059363891e-02	3.864628636179e-01	-2.023567286284e-01	-4.870837808887e-04	-3.438809959103e-03	-1.005131565189e-02	-8.464467785046e-03	-1.586847866840e-03
640                 	3.633484339712e-01	1.812838454666e-01	1.820645885046e-01	3.283509131940e-01	-1.248010783574e-02	3.408310210297e-01	-1.766555644327e-01	-3.903715190198e-04	-1.978749090853e-03	-7.461156337162e-03	-5.709327259434e-03	-1.751829077728e-03
641                 	3.594303390432e-01	1.794362577214e-01	1.799940813218e-01	2.973552210288e-01	-9.283156286948e-03	3.066383773158e-01	-1.579607668014e-01	-2.789118001863e-04	-1.515920881701e-04	-2.583265265703e-03	-1.443224721022e-03	-1.140040544682e-03
642                 	3.586056212217e-01	1.790895080748e-01	1.795161131469e-01	2.812956561461e-01	-7.303658389563e-03	2.885993145357e-01	-1.479514864626e-01	-2.133025360396e-04	1.350256042133e-03	2.916081428467e-03	2.808296756366e-03	1.077846721010e-04
643                 	3.597973950897e-01	1.797104965527e-01	1.800868985370e-01	2.822310200680e-01	-6.079251947630e-03	2.883102720156e-01	-1.471947619816e-01	-1.882009921865e-04	2.133570401572e-03	7.546303922663e-03	5.906722362904e-03	1.639581559759e-03
644                 	3.613077609151e-01	1.805886269786e-01	1.807191339365e-01	2.983005451924e-01	-6.027719082584e-03	3.043282642750e-01	-1.551779916788e-01	-6.525347897091e-05	2.689503093184e-03	1.092108892695e-02	8.150047556659e-03	2.771041370292e-03
645                 	3.617637624026e-01	1.810818199309e-01	1.806819424717e-01	3.236359367003e-01	-7.841113411724e-03	3.314770501120e-01	-1.696590817619e-01	1.999387296398e-04	3.098273428573e-03	1.240023038393e-02	9.298388620535e-03	3.101841763390e-03
646                 	3.610624268186e-01	1.810912351231e-01	1.799711916955e-01	3.508631551228e-01	-1.263148501117e-02	3.634946401340e-01	-1.880630625726e-01	5.600217138060e-04	3.127654355012e-03	1.151588998334e-02	8.885599346684e-03	2.630290636660e-03
647                 	3.603198072942e-01	1.809339379686e-01	1.793858693255e-01	3.757285838198e-01	-2.007217983885e-02	3.958007636587e-01	-2.079364717488e-01	7.740343215382e-04	2.206584163205e-03	7.970624166227e-03	6.191896246319e-03	1.778727919909e-03
648                 	3.601441928325e-01	1.807681982533e-01	1.793759945793e-01	3.966714613525e-01	-2.881313121473e-02	4.254845925672e-01	-2.271488618910e-01	6.961018370101e-04	3.307331434069e-04	2.215918695180e-03	1.438692490997e-03	7.772262041834e-04
649                 	3.602469879136e-01	1.804754782207e-01	1.797715096929e-01	4.144233304251e-01	-3.752464314399e-02	4.519479735691e-01	-2.447363083565e-01	3.519842638900e-04	-1.897692770748e-03	-4.474739855595e-03	-4.135062698545e-03	-3.396771570499e-04
650                 	3.601044542150e-01	1.799973959493e-01	1.801070582657e-01	4.335715705627e-01	-4.524261575109e-02	4.788141863138e-01	-2.620284010325e-01	-5.483115818631e-05	-3.584807121352e-03	-1.017729631398e-02	-8.673455278342e-03	-1.503841035638e-03
651                 	3.595152780499e-01	1.795045128021e-01	1.800107652479e-01	4.581214500784e-01	-5.163345830205e-02	5.097549083804e-01	-2.806941833412e-01	-2.531262229171e-04	-3.839862135761e-03	-1.266732611170e-02	-1.017352519161e-02	-2.493800920089e-03
652                 	3.594775626294e-01	1.795688500026e-01	1.799087126268e-01	4.856051612334e-01	-5.765896379597e-02	5.432641250294e-01	-3.004615444127e-01	-1.699313120986e-04	-2.732950361231e-03	-1.146046991149e-02	-8.463185316978e-03	-2.997284594515e-03
653                 	3.615812409314e-01	1.808546169807e-01	1.807266239507e-01	5.106775245683e-01	-6.369892567906e-02	5.743764502473e-01	-3.190376879632e-01	6.399651502360e-05	-1.156079153989e-03	-7.830915824758e-03	-5.071537066368e-03	-2.759378758390e-03
654                 	3.665354306784e-01	1.835906357258e-01	1.829447949526e-01	5.279276328128e-01	-6.911738376481e-02	5.970450165776e-01	-3.330812001712e-01	3.229203866325e-04	-2.512264884400e-04	-4.190257610055e-03	-2.346355293467e-03	-1.843902316587e-03
655                 	3.731396229488e-01	1.871322689692e-01	1.860073539795e-01	5.351567134834e-01	-7.350166150052e-02	6.086583749839e-01	-3.410800182422e-01	5.624574948527e-04	-3.539986180173e-04	-1.868359399658e-03	-1.288178317846e-03	-5.801810818116e-04
656                 	3.791422670441e-01	1.903133377560e-01	1.888289292881e-01	5.344595863900e-01	-7.635898812361e-02	6.108185745136e-01	-3.435887813186e-01	7.422042339721e-04	-8.895557220324e-04	-5.942627042655e-04	-1.186687074165e-03	5.924243698996e-04
657                 	3.825257735588e-01	1.920321568543e-01	1.904936167045e-01	5.293187269419e-01	-7.671474533160e-02	6.060334722735e-01	-3.413741088025e-01	7.692700749205e-04	-1.159297488554e-03	4.290463169139e-04	-9.447743300975e-04	1.373820647011e-03
658                 	3.829356973587e-01	1.920898440791e-01	1.908458532796e-01	5.223466908516e-01	-7.421618228273e-02	5.965628731344e-01	-3.353895277085e-01	6.219953997394e-04	-5.916295230805e-04	2.250556504866e-03	5.336487293523e-04	1.716907775513e-03
659                 	3.814188987871e-01	1.911159779838e-01	1.903029208034e-01	5.109969258493e-01	-6.881333791885e-02	5.798102637681e-01	-3.243118008435e-01	4.065285902088e-04	8.906041395945e-04	5.386061896821e-03	3.583635088005e-03	1.802426808816e-03
660                 	3.795137054510e-01	1.900312181674e-01	1.894824872836e-01	4.933604005937e-01	-6.022449656352e-02	5.535848971572e-01	-3.069046968604e-01	2.743654418827e-04	2.313605320816e-03	8.160724737619e-03	6.393967689625e-03	1.766757047994e-03
661                 	3.779953230875e-01	1.892102443256e-01	1.887850787618e-01	4.701416058455e-01	-4.849534639282e-02	5.186369522383e-01	-2.835661493155e-01	2.125827818988e-04	2.793937062471e-03	8.946040794070e-03	7.266957459506e-03	1.679083334564e-03
662                 	3.758093119551e-01	1.880648022568e-01	1.877445096982e-01	4.433377443947e-01	-3.530141406527e-02	4.786391584600e-01	-2.569702862626e-01	1.601462793134e-04	2.350596708224e-03	7.688080319565e-03	6.194636868007e-03	1.493443451558e-03
663                 	3.717850317596e-01	1.858897153701e-01	1.858953163894e-01	4.150789932549e-01	-2.229890725048e-02	4.373779005054e-01	-2.298384038779e-01	-2.800509650619e-06	1.513811391664e-03	5.245944877672e-03	4.136783830500e-03	1.109161047172e-03
664                 	3.656843655737e-01	1.825399276489e-01	1.831444379248e-01	3.860599185579e-01	-1.135033251850e-02	3.974102510764e-01	-2.043802917975e-01	-3.022551379797e-04	8.048175773473e-04	2.705373935488e-03	2.157504545091e-03	5.478693903967e-04
665                 	3.595981591402e-01	1.791245777072e-01	1.804735814330e-01	3.563899249414e-01	-3.978447304627e-03	3.603683722460e-01	-1.821734097753e-01	-6.745018628606e-04	3.165416161923e-04	6.139637867240e-04	6.235235095544e-04	-9.559722830335e-06
666                 	3.562750834740e-01	1.771562600887e-01	1.791188233853e-01	3.282509555464e-01	-6.458955291988e-04	3.288968510756e-01	-1.647713733024e-01	-9.812816482747e-04	-2.979285211532e-04	-1.565353719112e-03	-1.080605380709e-03	-4.847483384030e-04
667                 	3.566308441811e-01	1.772395816639e-01	1.793912625171e-01	3.064106370805e-01	-5.779352186203e-04	3.069885722992e-01	-1.537832537589e-01	-1.075840426602e-03	-9.250369169578e-04	-3.509688656352e-03	-2.679881245134e-03	-8.298074112182e-04
668                 	3.592468401387e-01	1.786987279922e-01	1.805481121466e-01	2.966269188001e-01	-3.170508560056e-03	2.997974273602e-01	-1.514839679601e-01	-9.246920772092e-04	-1.203138714033e-03	-4.432510110196e-03	-3.419393769131e-03	-1.013116341065e-03
669                 	3.620318448476e-01	1.803262085704e-01	1.817056362772e-01	3.010058865896e-01	-8.182553950795e-03	3.091884405404e-01	-1.586854972456e-01	-6.897138534282e-04	-7.857745578713e-04	-3.509194859306e-03	-2.540371987524e-03	-9.688228717816e-04
670                 	3.635925610423e-01	1.812493223739e-01	1.823432386685e-01	3.157365526676e-01	-1.469026930973e-02	3.304268219773e-01	-1.725585456435e-01	-5.469581473131e-04	-1.137402857441e-04	-1.528490720321e-03	-8.779856459046e-04	-6.505050744163e-04
671                 	3.635008506172e-01	1.812247120676e-01	1.822761385497e-01	3.398598564222e-01	-2.193354008175e-02	3.617933965039e-01	-1.918634682928e-01	-5.257132410502e-04	8.263749389056e-04	1.594490187707e-03	1.623620032759e-03	-2.912984505218e-05
672                 	3.625329341479e-01	1.806675441580e-01	1.818653899900e-01	3.664109871372e-01	-2.895946486340e-02	3.953704520006e-01	-2.121649584320e-01	-5.989229160147e-04	1.805682015331e-03	5.112819696482e-03	4.362091863572e-03	7.507278329106e-04
673                 	3.619337291264e-01	1.804685222565e-01	1.814652068699e-01	3.977373939522e-01	-3.443422273250e-02	4.321716166847e-01	-2.333029197086e-01	-4.983423066732e-04	2.983722794441e-03	9.300216961933e-03	7.633831275408e-03	1.666385686525e-03
674                 	3.621043200075e-01	1.807930278521e-01	1.813112921554e-01	4.327805892025e-01	-3.898541722523e-02	4.717660064277e-01	-2.553757118265e-01	-2.591321516229e-04	3.955055179344e-03	1.268658499400e-02	1.029834767634e-02	2.388237317656e-03
675                 	3.621299184572e-01	1.810665734230e-01	1.810633450342e-01	4.676993101290e-01	-4.353967507638e-02	5.112389852053e-01	-2.773893301409e-01	1.614194406832e-06	4.048363225536e-03	1.333789215570e-02	1.071730930339e-02	2.620582852316e-03
676                 	3.616963464745e-01	1.809747121383e-01	1.807216343362e-01	4.961770929401e-01	-4.927758015642e-02	5.454546730965e-01	-2.973661266265e-01	1.265389010369e-04	3.010451889346e-03	1.046146534703e-02	8.241184562863e-03	2.220280784172e-03
677                 	3.616408426091e-01	1.808163451972e-01	1.808244974120e-01	5.140822325368e-01	-5.624055239878e-02	5.703227849356e-01	-3.132816686672e-01	-4.076107392283e-06	1.096679575152e-03	4.664994288497e-03	3.429176719400e-03	1.235817569096e-03
678                 	3.632583988395e-01	1.813182222106e-01	1.819401766290e-01	5.208668882114e-01	-6.387481042354e-02	5.847416986350e-01	-3.243082545293e-01	-3.109772092009e-04	-1.057261863749e-03	-2.476093778516e-03	-2.295308753007e-03	-1.807850255086e-04
679                 	3.672246239132e-01	1.830568392409e-01	1.841677846724e-01	5.251967885435e-01	-7.076237767571e-02	5.959591662192e-01	-3.333607719474e-01	-5.554727157586e-04	-2.508544627637e-03	-8.372491308539e-03	-6.694790281906e-03	-1.677701026633e-03
680                 	3.727951246131e-01	1.858193690094e-01	1.869757556037e-01	5.321970964234e-01	-7.553434982601e-02	6.077314462494e-01	-3.416328980377e-01	-5.781932971291e-04	-2.775052886994e-03	-1.129963160078e-02	-8.424868687386e-03	-2.874762913397e-03
681                 	3.783737366388e-01	1.888014376640e-01	1.895722989749e-01	5.434283321801e-01	-7.713061394592e-02	6.205589461260e-01	-3.488447800360e-01	-3.854306554600e-04	-1.974112857504e-03	-1.071717128779e-02	-7.332698501401e-03	-3.384472786392e-03
682                 	3.822479102630e-01	1.909961548763e-01	1.912517553867e-01	5.492167910988e-01	-7.618109241509e-02	6.253978835139e-01	-3.507894879645e-01	-1.278002552018e-04	-1.036306441787e-03	-8.199843481579e-03	-5.136228182577e-03	-3.063615299003e-03
683                 	3.837943339269e-01	1.919811878082e-01	1.918131461187e-01	5.417228735394e-01	-7.294086463530e-02	6.146637381747e-01	-3.438023014050e-01	8.402084477721e-05	-7.581590029527e-04	-5.617975365860e-03	-3.567146685883e-03	-2.050828679977e-03
684                 	3.833765824695e-01	1.919330574557e-01	1.914435250138e-01	5.207208709494e-01	-6.697525483630e-02	5.876961257857e-01	-3.273356903110e-01	2.447662209755e-04	-9.680128759525e-04	-3.384408555796e-03	-2.660217153850e-03	-7.241914019453e-04
685                 	3.821356024196e-01	1.914270608244e-01	1.907085415952e-01	4.909021516286e-01	-5.765753368067e-02	5.485596853092e-01	-3.031086094949e-01	3.592596146376e-04	-1.107773769888e-03	-1.298916113516e-03	-1.757231826647e-03	4.583157131304e-04
686                 	3.801442702604e-01	1.904835918971e-01	1.896606783633e-01	4.577688615890e-01	-4.598203264479e-02	5.037508942338e-01	-2.748664634393e-01	4.114567669250e-04	-6.616387763604e-04	8.613518952232e-04	-2.309628287488e-04	1.092314723972e-03
687                 	3.767631114113e-01	1.887281831436e-01	1.880349282677e-01	4.226241482754e-01	-3.340081055449e-02	4.560249588299e-01	-2.447128846922e-01	3.466274379727e-04	3.861502452499e-04	3.308586705924e-03	2.040443598212e-03	1.268143107712e-03
688                 	3.710499332655e-01	1.857337929119e-01	1.853161403536e-01	3.893190772501e-01	-2.108058140495e-02	4.103996586551e-01	-2.157401200300e-01	2.088262791667e-04	1.438100694912e-03	5.228664494670e-03	4.052432942247e-03	1.176231552423e-03
689                 	3.634576173307e-01	1.818271092932e-01	1.816305080376e-01	3.591434938569e-01	-1.074719741341e-02	3.698906912703e-01	-1.903189443419e-01	9.830062779439e-05	1.976098085282e-03	5.825657096884e-03	4.888926633724e-03	9.367304631606e-04
690                 	3.567842272145e-01	1.783582321359e-01	1.784259950786e-01	3.359190625819e-01	-2.986983496283e-03	3.389060460782e-01	-1.709465147872e-01	-3.388147136631e-05	1.721857113518e-03	4.477887904867e-03	3.960801065952e-03	5.170868389152e-04
691                 	3.537673390555e-01	1.766647835838e-01	1.771025554717e-01	3.225101114263e-01	2.063500983048e-03	3.204466104433e-01	-1.591915547301e-01	-2.188859439603e-04	1.000232202714e-03	1.483029063268e-03	1.741746734348e-03	-2.587176710799e-04
692                 	3.542656436857e-01	1.767793308054e-01	1.774863128803e-01	3.176147087842e-01	4.082021506992e-03	3.135326872772e-01	-1.547253328851e-01	-3.534910374331e-04	7.895823441089e-04	-1.214171743337e-03	1.824964724402e-04	-1.396668215778e-03
693                 	3.566406985089e-01	1.779347933037e-01	1.787059052052e-01	3.208021568953e-01	2.426190452445e-03	3.183759664428e-01	-1.579748879952e-01	-3.855559507767e-04	1.415617101764e-03	-2.492086208777e-03	1.695739973758e-04	-2.661660206153e-03
694                 	3.588442723198e-01	1.791069099798e-01	1.797373623400e-01	3.269553070845e-01	-2.912591857017e-03	3.298678989415e-01	-1.663902453993e-01	-3.152261800835e-04	2.461944553896e-03	-2.036163914178e-03	1.443862596807e-03	-3.480026510985e-03
695                 	3.600670579676e-01	1.798701852882e-01	1.801968726794e-01	3.340060487618e-01	-1.102248832235e-02	3.450285370842e-01	-1.780255127033e-01	-1.633436956067e-04	3.364798252141e-03	-2.174706964802e-04	3.256062903901e-03	-3.473533600381e-03
696                 	3.608135769582e-01	1.803952778608e-01	1.804182990974e-01	3.430026692044e-01	-2.121781169123e-02	3.642204808957e-01	-1.927191462935e-01	-1.151061826461e-05	3.593149292822e-03	2.129363548572e-03	4.657831067108e-03	-2.528467518536e-03
697                 	3.614688616201e-01	1.808100733118e-01	1.806587883083e-01	3.603020902667e-01	-3.147406116545e-02	3.917761514321e-01	-2.116251062988e-01	7.564250176467e-05	3.075489243459e-03	4.244836791883e-03	5.197907639400e-03	-9.530708475172e-04
698                 	3.623069433541e-01	1.812101837748e-01	1.810967595793e-01	3.847892928544e-01	-4.015186833771e-02	4.249411611921e-01	-2.325465147649e-01	5.671209771021e-05	2.036799040004e-03	5.172270057314e-03	4.622934068661e-03	5.493359886531e-04
699                 	3.632269568491e-01	1.816999057825e-01	1.815270510666e-01	4.145008554401e-01	-4.658452504801e-02	4.610853804882e-01	-2.538349527681e-01	8.642735793567e-05	1.048448714942e-03	5.045743599851e-03	3.571320514868e-03	1.474423084983e-03
700                 	3.635152932442e-01	1.820411681241e-01	1.814741251201e-01	4.478844657960e-01	-5.120709143785e-02	4.990915572339e-01	-2.751493243359e-01	2.835215019890e-04	6.930096088362e-04	4.980666681642e-03	3.183342949657e-03	1.797323731985e-03
701                 	3.634464072788e-01	1.822361001649e-01	1.812103071139e-01	4.796347987012e-01	-5.547426009605e-02	5.351090587973e-01	-2.952916594467e-01	5.128965255156e-04	6.895302818280e-04	5.151199562405e-03	3.265130063031e-03	1.886069499375e-03
702                 	3.639140134615e-01	1.824969273739e-01	1.814170860876e-01	5.095605028730e-01	-5.953180652961e-02	5.690923094026e-01	-3.143120579661e-01	5.399206431253e-04	3.112221080472e-04	4.606900913417e-03	2.614672564756e-03	1.992228348661e-03
703                 	3.661301513331e-01	1.833724976640e-01	1.827576536691e-01	5.357917119907e-01	-6.293108441685e-02	5.987227964075e-01	-3.308269404122e-01	3.074219974146e-04	-8.150185267825e-04	2.370858187016e-03	3.704105667256e-04	2.000447620291e-03
704                 	3.702444144015e-01	1.850554305574e-01	1.851889838441e-01	5.541333548803e-01	-6.547728179489e-02	6.196106366752e-01	-3.425439592351e-01	-6.677664337261e-05	-2.580283069609e-03	-2.210194416510e-03	-3.685380277864e-03	1.475185861354e-03
705                 	3.745760345359e-01	1.869297965175e-01	1.876462380184e-01	5.602706493718e-01	-6.763911291131e-02	6.279097622832e-01	-3.477744375972e-01	-3.582207504849e-04	-4.372626282806e-03	-8.254157377969e-03	-8.499704971791e-03	2.455475938222e-04
706                 	3.773950691932e-01	1.882321021618e-01	1.891629670314e-01	5.525658412153e-01	-6.998242189692e-02	6.225482631122e-01	-3.462653425046e-01	-4.654324347797e-04	-5.632722971621e-03	-1.383226003255e-02	-1.254885298790e-02	-1.283407044653e-03
707                 	3.776684397249e-01	1.884287912212e-01	1.892396485037e-01	5.320863531981e-01	-7.213644676731e-02	6.042227999654e-01	-3.381796233663e-01	-4.054286412226e-04	-5.850105649366e-03	-1.659877814187e-02	-1.414949472030e-02	-2.449283421569e-03
708                 	3.764374901727e-01	1.879686052070e-01	1.884688849656e-01	5.065456805312e-01	-7.223007635789e-02	5.787757568891e-01	-3.255029166235e-01	-2.501398793021e-04	-5.011538823976e-03	-1.532716045283e-02	-1.267511905039e-02	-2.652041402437e-03
709                 	3.757368019347e-01	1.878174305692e-01	1.879193713656e-01	4.787033059201e-01	-6.888326169617e-02	5.475865676162e-01	-3.082349146562e-01	-5.097039821800e-05	-3.428853354758e-03	-1.050603579644e-02	-8.681871252980e-03	-1.824164543463e-03
710                 	3.767482173502e-01	1.885718990302e-01	1.881763183200e-01	4.506138845951e-01	-6.159335178924e-02	5.122072363843e-01	-2.869002940868e-01	1.977903551258e-04	-1.656807537553e-03	-3.925389108718e-03	-3.619502091912e-03	-3.058870168058e-04
711                 	3.778003848237e-01	1.893460800990e-01	1.884543047248e-01	4.210598635497e-01	-5.099264508787e-02	4.720525086376e-01	-2.615225768627e-01	4.458876870831e-04	-5.538351666933e-05	2.269649288775e-03	1.079441127718e-03	1.190208161057e-03
712                 	3.764595135446e-01	1.888376626570e-01	1.876218508875e-01	3.915559669650e-01	-3.796696492494e-02	4.295229318899e-01	-2.337449484074e-01	6.079058847477e-04	1.156142574901e-03	6.735101474883e-03	4.523693312342e-03	2.211408162541e-03
713                 	3.715022433275e-01	1.863827801779e-01	1.851194631496e-01	3.619721951670e-01	-2.480057336682e-02	3.867727685338e-01	-2.057866709503e-01	6.316585141429e-04	2.155397900601e-03	9.572299292578e-03	6.941547546890e-03	2.630751745688e-03
714                 	3.645092240371e-01	1.828421613371e-01	1.816670627000e-01	3.339826769075e-01	-1.360877969249e-02	3.475914566000e-01	-1.806001181462e-01	5.875493185594e-04	3.035604762309e-03	1.131793788640e-02	8.694573705509e-03	2.623364180890e-03
715                 	3.587403003979e-01	1.798643802671e-01	1.788759201309e-01	3.123042452089e-01	-5.327286991393e-03	3.176315322003e-01	-1.614794095958e-01	4.942300680853e-04	3.232649267280e-03	1.121042759456e-02	8.837863064562e-03	2.372564530002e-03
716                 	3.562858062105e-01	1.784590126411e-01	1.778267935694e-01	3.010516348195e-01	-2.482615187251e-04	3.012998963383e-01	-1.507740789285e-01	3.161095358304e-04	2.238545563173e-03	8.470029325215e-03	6.473560225781e-03	1.996469099434e-03
717                 	3.563704263588e-01	1.782905752739e-01	1.780798510848e-01	2.998941396582e-01	1.121595343821e-03	2.987725443144e-01	-1.488254744853e-01	1.053620945711e-04	4.347062750191e-04	3.610588111871e-03	2.240000330955e-03	1.370587780916e-03
718                 	3.572603858280e-01	1.784609202979e-01	1.787994655301e-01	3.082662279501e-01	-1.117349216479e-03	3.093835771666e-01	-1.552504631915e-01	-1.692726161295e-04	-1.187433503783e-03	-1.724598613575e-03	-2.049732810570e-03	3.251341969952e-04
719                 	3.577231641504e-01	1.783550226159e-01	1.793681415345e-01	3.217023732279e-01	-6.326332185177e-03	3.280287054130e-01	-1.671775187991e-01	-5.065594593226e-04	-1.810993342138e-03	-5.566006849187e-03	-4.593996766732e-03	-9.720100824552e-04
720                 	3.576318740819e-01	1.779948176875e-01	1.796370563944e-01	3.393655233898e-01	-1.434261447779e-02	3.537081378675e-01	-1.840253761727e-01	-8.211193534259e-04	-1.497665739262e-03	-7.189722574713e-03	-5.092527026618e-03	-2.097195548095e-03
721                 	3.579478725502e-01	1.780146248241e-01	1.799332477261e-01	3.593089489733e-01	-2.439549076657e-02	3.837044397399e-01	-2.040499652532e-01	-9.593114509813e-04	-1.039911968727e-03	-7.312590546878e-03	-4.696207242166e-03	-2.616383304712e-03
722                 	3.591733812870e-01	1.787728239304e-01	1.804005573566e-01	3.819836344882e-01	-3.487644205511e-02	4.168600765434e-01	-2.258682592992e-01	-8.138667131366e-04	-9.180652414581e-04	-6.628679445976e-03	-4.232404964446e-03	-2.396274481530e-03
723                 	3.613637952446e-01	1.802037485969e-01	1.811600466477e-01	4.071950143356e-01	-4.418810116517e-02	4.513831155008e-01	-2.477856083330e-01	-4.781490253855e-04	-1.133179204895e-03	-5.502387425166e-03	-3.884372917479e-03	-1.618014507688e-03
724                 	3.639235142015e-01	1.817996344614e-01	1.821238797401e-01	4.314691662359e-01	-5.144761655354e-02	4.829167827894e-01	-2.671821996715e-01	-1.621226393909e-04	-1.301079486881e-03	-4.190724905676e-03	-3.396441939719e-03	-7.942829659574e-04
725                 	3.654002570065e-01	1.827143530455e-01	1.826859039610e-01	4.540511587496e-01	-5.678544695975e-02	5.108366057093e-01	-2.838110263345e-01	1.422454225962e-05	-8.892711595432e-04	-2.218747840761e-03	-1.998645079924e-03	-2.201027608373e-04
726                 	3.655947448259e-01	1.829023087261e-01	1.826924360998e-01	4.768912866215e-01	-6.102106665105e-02	5.379123532725e-01	-2.994667099618e-01	1.049363131933e-04	1.469015318775e-04	5.513715113794e-04	4.225872875672e-04	1.287842238122e-04
727                 	3.657971221164e-01	1.830967676516e-01	1.827003544648e-01	5.001524855018e-01	-6.469475731406e-02	5.648472428159e-01	-3.147710000650e-01	1.982065934238e-04	1.228183578062e-03	3.537983344003e-03	2.997175250064e-03	5.408080939392e-04
728                 	3.675776293417e-01	1.840772468349e-01	1.835003825068e-01	5.209233085240e-01	-6.791324572793e-02	5.888365542519e-01	-3.283748999899e-01	2.884321640825e-04	1.831120042857e-03	5.744951161110e-03	4.703595623412e-03	1.041355537698e-03
729                 	3.711178259294e-01	1.858466268648e-01	1.852711990646e-01	5.369062190386e-01	-7.008425406786e-02	6.069904731064e-01	-3.385373635872e-01	2.877139000868e-04	1.744381653139e-03	6.378846331830e-03	4.933804819054e-03	1.445041512776e-03
730                 	3.752503345505e-01	1.877716891599e-01	1.874786453906e-01	5.460014266888e-01	-7.056043121625e-02	6.165618579051e-01	-3.435611445607e-01	1.465218846568e-04	1.127518339153e-03	5.214522962606e-03	3.734779820456e-03	1.479743142149e-03
731                 	3.782145972678e-01	1.890175143733e-01	1.891970828945e-01	5.479577129827e-01	-6.935279959052e-02	6.173105125732e-01	-3.433316560818e-01	-8.978426059137e-05	4.959922724102e-04	2.913558239769e-03	1.952771392295e-03	9.607868474744e-04
732                 	3.790964991862e-01	1.891992778317e-01	1.898972213544e-01	5.441942500357e-01	-6.668958947095e-02	6.108838395067e-01	-3.387867144888e-01	-3.489717613539e-04	1.681198901395e-04	3.927055880871e-04	3.644726841831e-04	2.823290390406e-05
733                 	3.787423463309e-01	1.888167846620e-01	1.899255616689e-01	5.348858452659e-01	-6.240175120586e-02	5.972875964718e-01	-3.298446738388e-01	-5.543885034453e-04	1.518664168084e-04	-1.645429548100e-03	-6.708483572414e-04	-9.745811908583e-04
734                 	3.785365634242e-01	1.886123130702e-01	1.899242503540e-01	5.168348412659e-01	-5.617894671088e-02	5.730137879768e-01	-3.145963673438e-01	-6.559686419244e-04	2.794107917045e-04	-2.891082658842e-03	-1.166130537717e-03	-1.724952121126e-03
735                 	3.790664408920e-01	1.888958222189e-01	1.901706186731e-01	4.880886577870e-01	-4.787483212052e-02	5.359634899075e-01	-2.919191610140e-01	-6.373982270881e-04	3.293632976832e-04	-3.521956746116e-03	-1.431615075375e-03	-2.090341670741e-03
736                 	3.788988464214e-01	1.889266896484e-01	1.899721567731e-01	4.486068561768e-01	-3.829649698288e-02	4.869033531597e-01	-2.625999250713e-01	-5.227335623543e-04	2.045008942007e-04	-3.914377788762e-03	-1.752688000180e-03	-2.161689788582e-03
737                 	3.763347829947e-01	1.878499400102e-01	1.884848429845e-01	4.049757603764e-01	-2.852961632437e-02	4.335053767007e-01	-2.310174965126e-01	-3.174514871890e-04	2.751627784918e-04	-3.428040122416e-03	-1.438857282716e-03	-1.989182839700e-03
738                 	3.709356224402e-01	1.853891365750e-01	1.855464858652e-01	3.645288498441e-01	-1.944656018653e-02	3.839754100306e-01	-2.017109851086e-01	-7.867464510959e-05	7.998097267348e-04	-1.612993364863e-03	-6.686955696648e-06	-1.606306409166e-03
739                 	3.646840759599e-01	1.824371990804e-01	1.822468768795e-01	3.307166286580e-01	-1.185914012152e-02	3.425757687796e-01	-1.772174544505e-01	9.516110045423e-05	1.520219046520e-03	7.466073611557e-04	1.893522727098e-03	-1.146915365942e-03
740                 	3.604302441527e-01	1.804328045182e-01	1.799974396345e-01	3.107056836687e-01	-5.555246958070e-03	3.162609306268e-01	-1.609080887924e-01	2.176824418276e-04	2.168500045661e-03	3.132497165267e-03	3.734748628295e-03	-6.022514630277e-04
741                 	3.592720669291e-01	1.799252175019e-01	1.793468494272e-01	3.042264291937e-01	-1.140161899552e-03	3.053665910932e-01	-1.532533764964e-01	2.891840373526e-04	2.526487743238e-03	5.058674785278e-03	5.055825135877e-03	2.849649400632e-06
742                 	3.599813795510e-01	1.802994656464e-01	1.796819139046e-01	3.076015014046e-01	4.044553855487e-04	3.071970460191e-01	-1.533962953168e-01	3.087758708793e-04	2.520310801544e-03	5.967109222095e-03	5.503865412592e-03	4.632438095036e-04
743                 	3.606943206791e-01	1.806429382022e-01	1.800513824769e-01	3.198926761281e-01	-8.603194266048e-04	3.207529955547e-01	-1.608066574906e-01	2.957778626792e-04	1.952814167813e-03	5.327214533386e-03	4.616421434506e-03	7.107930988800e-04
744                 	3.604430914016e-01	1.805250859234e-01	1.799180054782e-01	3.341251023579e-01	-4.380228614518e-03	3.385053309724e-01	-1.714427797935e-01	3.035402225593e-04	9.154310537198e-04	3.508561425361e-03	2.669711766400e-03	8.388496589606e-04
745                 	3.593776265652e-01	1.799257819483e-01	1.794518446169e-01	3.533177487480e-01	-9.505985068224e-03	3.628237338162e-01	-1.861648594422e-01	2.369686657121e-04	-6.232139567443e-04	2.209336231130e-04	-5.127471451878e-04	7.336807683008e-04
746                 	3.584047209420e-01	1.793664980364e-01	1.790382229056e-01	3.764650566177e-01	-1.595909732648e-02	3.924241539442e-01	-2.041916256353e-01	1.641375653693e-04	-2.037381779897e-03	-3.268811086837e-03	-3.671787323316e-03	4.029762364786e-04
747                 	3.582595576871e-01	1.791939069515e-01	1.790656507357e-01	4.017597420141e-01	-2.358749042482e-02	4.253472324389e-01	-2.244673614319e-01	6.412810790342e-05	-2.772768705156e-03	-5.911192254997e-03	-5.728364832655e-03	-1.828274223419e-04
748                 	3.590151879623e-01	1.794303227366e-01	1.795848652257e-01	4.268925415064e-01	-3.221102709114e-02	4.591035685975e-01	-2.456572978443e-01	-7.727124458281e-05	-2.720666645295e-03	-7.297032157774e-03	-6.369182724182e-03	-9.278494335927e-04
749                 	3.601934367244e-01	1.799089326522e-01	1.802845040722e-01	4.491374377456e-01	-4.168183255333e-02	4.908192702989e-01	-2.662505514261e-01	-1.877857100053e-04	-1.992157211854e-03	-7.125807857559e-03	-5.555061140633e-03	-1.570746716926e-03
750                 	3.613624854030e-01	1.804627232113e-01	1.808997621916e-01	4.667090530306e-01	-5.147801807095e-02	5.181870711016e-01	-2.848325445863e-01	-2.185194901489e-04	-9.049660720233e-04	-5.567002237041e-03	-3.688467190544e-03	-1.878535046497e-03
